                   x            Explicit            Implicit      Crank Nicolson          Analytical      Diff. Explicit      Diff. ImplicitDiff. Crank Nicolson
                   0                   1                   1                   1                   1                   0                   0                   0
        0.1111111111          0.75390625        0.7003103946        0.7448725293        0.7111065473       0.06018746821        0.0151821871       0.04748371688
        0.2222222222         0.548828125        0.4809676176        0.5252041833        0.4588506488        0.1960931654       0.04820080089        0.1446081304
        0.3333333333             0.34375        0.3086819623        0.3450850842        0.2665204981        0.2897694639        0.1581922008        0.2947787754
        0.4444444444           0.2265625        0.1846480035        0.2104772335        0.1384781003        0.6360890246        0.3334094211        0.5199315498
        0.5555555556            0.109375         0.101255651        0.1183911088       0.06404562612        0.7077668942        0.5809924438        0.8485432332
        0.6666666667        0.0654296875       0.04741398266       0.06021704603       0.02625947945          1.49165973        0.8055949181         1.293154597
        0.7777777778         0.021484375       0.01252428637       0.02559295461       0.00947935584         1.266438286        0.3212170299         1.699862211
        0.8888888889        0.0107421875       -0.0116350209      0.005117569133      0.002834457869         2.789856119         5.104848772        0.8054842828
                   1                   0                   0                   0    -3.818010919e-17                   1                   1                   1
