                   x            Explicit            Implicit      Crank Nicolson          Analytical      Diff. Explicit      Diff. ImplicitDiff. Crank Nicolson
                   0                   1                   1                   1                   1                   0                   0                   0
        0.1111111111        0.8544295598        0.8335427881         0.849872639        0.8361708463       0.02183610395      0.003142967941       0.01638635545
        0.2222222222        0.7169654341        0.6869800952        0.7075011515        0.6789327144       0.05601839315       0.01185298717       0.04207845122
        0.3333333333        0.5795013085        0.5502836299        0.5733937503        0.5339726677       0.08526399113       0.03054643649       0.07382603075
        0.4444444444        0.4624897726        0.4260935872        0.4502090387        0.4053300968         0.141020063       0.05122612544         0.110721958
        0.5555555556        0.3454782367        0.3156267422        0.3392976214        0.2949299851         0.171390683       0.07017515383        0.1504344711
        0.6666666667        0.2515967898        0.2186153698        0.2405688737        0.2024396481        0.2428236866       0.07990392108        0.1883486063
        0.7777777778        0.1577153429        0.1334184926        0.1525320689        0.1254244002        0.2574534356       0.06373634152        0.2161275526
        0.8888888889       0.07885767147       0.05725923839       0.07249319822       0.05972931039        0.3202508275       0.04135443693          0.21369555
                   1                   0                   0                   0    -1.838258769e-17                   1                   1                   1
