                   x            Explicit            Implicit      Crank Nicolson          Analytical      Diff. Explicit      Diff. ImplicitDiff. Crank Nicolson
                   0                   1                   1                   1                   1                   0                   0                   0
        0.1111111111         0.823764801        0.7926966117        0.8175336296        0.7987820111       0.03127610481      0.007618348146       0.02347526387
        0.2222222222         0.663403511        0.6211611974        0.6497794433        0.6101376742       0.08730134046       0.01806727179       0.06497184283
        0.3333333333        0.5030422211        0.4682054732        0.4978686651        0.4443073894        0.1321941364         0.053787275        0.1205500447
        0.4444444444        0.3818206787        0.3378355624        0.3664077303        0.3075473629        0.2415020409       0.09848304098        0.1913863505
        0.5555555556        0.2605991364        0.2309785744        0.2572468154        0.2015545656        0.2929458362        0.1459853254        0.2763135115
        0.6666666667        0.1820497513        0.1458681395        0.1695008904        0.1239341556        0.4689231584        0.1769809445        0.3676689008
        0.7777777778        0.1035003662       0.07877618127       0.09995135451       0.06931992904        0.4930824029        0.1364146266         0.441884836
        0.8888888889       0.05175018311       0.02479030353       0.04364599703       0.03062372991          0.68987198        0.1904871287        0.4252345207
                   1                   0                   0                   0    -2.871163374e-17                   1                   1                   1
